(kicad_pcb (version 20171130) (host pcbnew "(5.1.5)-3")

  (general
    (thickness 1.6)
    (drawings 36)
    (tracks 370)
    (zones 0)
    (modules 19)
    (nets 31)
  )

  (page A4)
  (layers
    (0 F.Cu signal)
    (31 B.Cu signal)
    (32 B.Adhes user)
    (33 F.Adhes user)
    (34 B.Paste user)
    (35 F.Paste user)
    (36 B.SilkS user)
    (37 F.SilkS user)
    (38 B.Mask user)
    (39 F.Mask user)
    (40 Dwgs.User user)
    (41 Cmts.User user)
    (42 Eco1.User user)
    (43 Eco2.User user)
    (44 Edge.Cuts user)
    (45 Margin user)
    (46 B.CrtYd user)
    (47 F.CrtYd user)
    (48 B.Fab user hide)
    (49 F.Fab user hide)
  )

  (setup
    (last_trace_width 0.25)
    (user_trace_width 0.2)
    (user_trace_width 0.5)
    (trace_clearance 0.2)
    (zone_clearance 0.508)
    (zone_45_only no)
    (trace_min 0.2)
    (via_size 0.8)
    (via_drill 0.4)
    (via_min_size 0.2)
    (via_min_drill 0.3)
    (user_via 0.6 0.3)
    (uvia_size 0.3)
    (uvia_drill 0.1)
    (uvias_allowed no)
    (uvia_min_size 0.2)
    (uvia_min_drill 0.1)
    (edge_width 0.05)
    (segment_width 0.1)
    (pcb_text_width 0.3)
    (pcb_text_size 1.5 1.5)
    (mod_edge_width 0.12)
    (mod_text_size 1 1)
    (mod_text_width 0.15)
    (pad_size 1.524 1.524)
    (pad_drill 0.762)
    (pad_to_mask_clearance 0.051)
    (solder_mask_min_width 0.25)
    (aux_axis_origin 0 0)
    (grid_origin 106.68 70.104)
    (visible_elements 7FFFFFFF)
    (pcbplotparams
      (layerselection 0x010fc_ffffffff)
      (usegerberextensions false)
      (usegerberattributes false)
      (usegerberadvancedattributes false)
      (creategerberjobfile false)
      (excludeedgelayer true)
      (linewidth 0.100000)
      (plotframeref false)
      (viasonmask false)
      (mode 1)
      (useauxorigin false)
      (hpglpennumber 1)
      (hpglpenspeed 20)
      (hpglpendiameter 15.000000)
      (psnegative false)
      (psa4output false)
      (plotreference true)
      (plotvalue true)
      (plotinvisibletext false)
      (padsonsilk false)
      (subtractmaskfromsilk false)
      (outputformat 1)
      (mirror false)
      (drillshape 1)
      (scaleselection 1)
      (outputdirectory ""))
  )

  (net 0 "")
  (net 1 "Net-(C1-Pad1)")
  (net 2 "Net-(C2-Pad2)")
  (net 3 BOOT0)
  (net 4 PB7)
  (net 5 PB6)
  (net 6 PB5)
  (net 7 PB4)
  (net 8 PB3)
  (net 9 PA15)
  (net 10 SWCLK)
  (net 11 SWDIO)
  (net 12 PA12)
  (net 13 PA11)
  (net 14 I2C_SDA)
  (net 15 I2C_SCL)
  (net 16 PA8)
  (net 17 +3V3)
  (net 18 PB1)
  (net 19 PB0)
  (net 20 SPI_MOSI)
  (net 21 SPI_MISO)
  (net 22 SPI_SCK)
  (net 23 PA4)
  (net 24 UART_RX)
  (net 25 UART_TX)
  (net 26 PA1)
  (net 27 PA0)
  (net 28 NRST)
  (net 29 +5V)
  (net 30 GND)

  (net_class Default "This is the default net class."
    (clearance 0.2)
    (trace_width 0.25)
    (via_dia 0.8)
    (via_drill 0.4)
    (uvia_dia 0.3)
    (uvia_drill 0.1)
    (add_net +3V3)
    (add_net +5V)
    (add_net BOOT0)
    (add_net GND)
    (add_net I2C_SCL)
    (add_net I2C_SDA)
    (add_net NRST)
    (add_net "Net-(C1-Pad1)")
    (add_net "Net-(C2-Pad2)")
    (add_net PA0)
    (add_net PA1)
    (add_net PA11)
    (add_net PA12)
    (add_net PA15)
    (add_net PA4)
    (add_net PA8)
    (add_net PB0)
    (add_net PB1)
    (add_net PB3)
    (add_net PB4)
    (add_net PB5)
    (add_net PB6)
    (add_net PB7)
    (add_net SPI_MISO)
    (add_net SPI_MOSI)
    (add_net SPI_SCK)
    (add_net SWCLK)
    (add_net SWDIO)
    (add_net UART_RX)
    (add_net UART_TX)
  )

  (module Capacitor_SMD:C_1206_3216Metric (layer F.Cu) (tedit 5B301BBE) (tstamp 5EF952B4)
    (at 130.28 89.76868)
    (descr "Capacitor SMD 1206 (3216 Metric), square (rectangular) end terminal, IPC_7351 nominal, (Body size source: http://www.tortai-tech.com/upload/download/2011102023233369053.pdf), generated with kicad-footprint-generator")
    (tags capacitor)
    (path /5EFA3852)
    (attr smd)
    (fp_text reference C2 (at -3.29646 0.08128) (layer F.SilkS)
      (effects (font (size 1 1) (thickness 0.15)))
    )
    (fp_text value 22pF (at 0 1.82) (layer F.Fab)
      (effects (font (size 1 1) (thickness 0.15)))
    )
    (fp_text user %R (at 0 0) (layer F.Fab)
      (effects (font (size 0.8 0.8) (thickness 0.12)))
    )
    (fp_line (start 2.28 1.12) (end -2.28 1.12) (layer F.CrtYd) (width 0.05))
    (fp_line (start 2.28 -1.12) (end 2.28 1.12) (layer F.CrtYd) (width 0.05))
    (fp_line (start -2.28 -1.12) (end 2.28 -1.12) (layer F.CrtYd) (width 0.05))
    (fp_line (start -2.28 1.12) (end -2.28 -1.12) (layer F.CrtYd) (width 0.05))
    (fp_line (start -0.602064 0.91) (end 0.602064 0.91) (layer F.SilkS) (width 0.12))
    (fp_line (start -0.602064 -0.91) (end 0.602064 -0.91) (layer F.SilkS) (width 0.12))
    (fp_line (start 1.6 0.8) (end -1.6 0.8) (layer F.Fab) (width 0.1))
    (fp_line (start 1.6 -0.8) (end 1.6 0.8) (layer F.Fab) (width 0.1))
    (fp_line (start -1.6 -0.8) (end 1.6 -0.8) (layer F.Fab) (width 0.1))
    (fp_line (start -1.6 0.8) (end -1.6 -0.8) (layer F.Fab) (width 0.1))
    (pad 2 smd roundrect (at 1.4 0) (size 1.25 1.75) (layers F.Cu F.Paste F.Mask) (roundrect_rratio 0.2)
      (net 2 "Net-(C2-Pad2)"))
    (pad 1 smd roundrect (at -1.4 0) (size 1.25 1.75) (layers F.Cu F.Paste F.Mask) (roundrect_rratio 0.2)
      (net 30 GND))
    (model ${KISYS3DMOD}/Capacitor_SMD.3dshapes/C_1206_3216Metric.wrl
      (at (xyz 0 0 0))
      (scale (xyz 1 1 1))
      (rotate (xyz 0 0 0))
    )
  )

  (module Crystal:Crystal_HC49-4H_Vertical (layer F.Cu) (tedit 5A1AD3B7) (tstamp 5EF95316)
    (at 136.22782 84.85124 270)
    (descr "Crystal THT HC-49-4H http://5hertz.com/pdfs/04404_D.pdf")
    (tags "THT crystalHC-49-4H")
    (path /5EF9E916)
    (fp_text reference Y1 (at 2.44348 0 180) (layer F.SilkS)
      (effects (font (size 1 1) (thickness 0.15)))
    )
    (fp_text value Crystal (at 2.44 3.525 90) (layer F.Fab)
      (effects (font (size 1 1) (thickness 0.15)))
    )
    (fp_arc (start 5.64 0) (end 5.64 -2.525) (angle 180) (layer F.SilkS) (width 0.12))
    (fp_arc (start -0.76 0) (end -0.76 -2.525) (angle -180) (layer F.SilkS) (width 0.12))
    (fp_arc (start 5.44 0) (end 5.44 -2) (angle 180) (layer F.Fab) (width 0.1))
    (fp_arc (start -0.56 0) (end -0.56 -2) (angle -180) (layer F.Fab) (width 0.1))
    (fp_arc (start 5.64 0) (end 5.64 -2.325) (angle 180) (layer F.Fab) (width 0.1))
    (fp_arc (start -0.76 0) (end -0.76 -2.325) (angle -180) (layer F.Fab) (width 0.1))
    (fp_line (start 8.5 -2.8) (end -3.6 -2.8) (layer F.CrtYd) (width 0.05))
    (fp_line (start 8.5 2.8) (end 8.5 -2.8) (layer F.CrtYd) (width 0.05))
    (fp_line (start -3.6 2.8) (end 8.5 2.8) (layer F.CrtYd) (width 0.05))
    (fp_line (start -3.6 -2.8) (end -3.6 2.8) (layer F.CrtYd) (width 0.05))
    (fp_line (start -0.76 2.525) (end 5.64 2.525) (layer F.SilkS) (width 0.12))
    (fp_line (start -0.76 -2.525) (end 5.64 -2.525) (layer F.SilkS) (width 0.12))
    (fp_line (start -0.56 2) (end 5.44 2) (layer F.Fab) (width 0.1))
    (fp_line (start -0.56 -2) (end 5.44 -2) (layer F.Fab) (width 0.1))
    (fp_line (start -0.76 2.325) (end 5.64 2.325) (layer F.Fab) (width 0.1))
    (fp_line (start -0.76 -2.325) (end 5.64 -2.325) (layer F.Fab) (width 0.1))
    (fp_text user %R (at 2.44 0 90) (layer F.Fab)
      (effects (font (size 1 1) (thickness 0.15)))
    )
    (pad 2 thru_hole circle (at 4.88 0 270) (size 1.5 1.5) (drill 0.8) (layers *.Cu *.Mask)
      (net 2 "Net-(C2-Pad2)"))
    (pad 1 thru_hole circle (at 0 0 270) (size 1.5 1.5) (drill 0.8) (layers *.Cu *.Mask)
      (net 1 "Net-(C1-Pad1)"))
    (model ${KISYS3DMOD}/Crystal.3dshapes/Crystal_HC49-4H_Vertical.wrl
      (at (xyz 0 0 0))
      (scale (xyz 1 1 1))
      (rotate (xyz 0 0 0))
    )
  )

  (module Package_QFP:LQFP-32_7x7mm_P0.8mm (layer F.Cu) (tedit 5D9F72AF) (tstamp 5EF952FF)
    (at 148.336 88.9)
    (descr "LQFP, 32 Pin (https://www.nxp.com/docs/en/package-information/SOT358-1.pdf), generated with kicad-footprint-generator ipc_gullwing_generator.py")
    (tags "LQFP QFP")
    (path /5EF8E508)
    (attr smd)
    (fp_text reference U1 (at 0 0.204) (layer F.SilkS)
      (effects (font (size 1 1) (thickness 0.15)))
    )
    (fp_text value STM32F031K6Tx (at -0.00508 6.41858) (layer F.Fab)
      (effects (font (size 1 1) (thickness 0.15)))
    )
    (fp_line (start 5.18 3.3) (end 5.18 0) (layer F.CrtYd) (width 0.05))
    (fp_line (start 3.75 3.3) (end 5.18 3.3) (layer F.CrtYd) (width 0.05))
    (fp_line (start 3.75 3.75) (end 3.75 3.3) (layer F.CrtYd) (width 0.05))
    (fp_line (start 3.3 3.75) (end 3.75 3.75) (layer F.CrtYd) (width 0.05))
    (fp_line (start 3.3 5.18) (end 3.3 3.75) (layer F.CrtYd) (width 0.05))
    (fp_line (start 0 5.18) (end 3.3 5.18) (layer F.CrtYd) (width 0.05))
    (fp_line (start -5.18 3.3) (end -5.18 0) (layer F.CrtYd) (width 0.05))
    (fp_line (start -3.75 3.3) (end -5.18 3.3) (layer F.CrtYd) (width 0.05))
    (fp_line (start -3.75 3.75) (end -3.75 3.3) (layer F.CrtYd) (width 0.05))
    (fp_line (start -3.3 3.75) (end -3.75 3.75) (layer F.CrtYd) (width 0.05))
    (fp_line (start -3.3 5.18) (end -3.3 3.75) (layer F.CrtYd) (width 0.05))
    (fp_line (start 0 5.18) (end -3.3 5.18) (layer F.CrtYd) (width 0.05))
    (fp_line (start 5.18 -3.3) (end 5.18 0) (layer F.CrtYd) (width 0.05))
    (fp_line (start 3.75 -3.3) (end 5.18 -3.3) (layer F.CrtYd) (width 0.05))
    (fp_line (start 3.75 -3.75) (end 3.75 -3.3) (layer F.CrtYd) (width 0.05))
    (fp_line (start 3.3 -3.75) (end 3.75 -3.75) (layer F.CrtYd) (width 0.05))
    (fp_line (start 3.3 -5.18) (end 3.3 -3.75) (layer F.CrtYd) (width 0.05))
    (fp_line (start 0 -5.18) (end 3.3 -5.18) (layer F.CrtYd) (width 0.05))
    (fp_line (start -5.18 -3.3) (end -5.18 0) (layer F.CrtYd) (width 0.05))
    (fp_line (start -3.75 -3.3) (end -5.18 -3.3) (layer F.CrtYd) (width 0.05))
    (fp_line (start -3.75 -3.75) (end -3.75 -3.3) (layer F.CrtYd) (width 0.05))
    (fp_line (start -3.3 -3.75) (end -3.75 -3.75) (layer F.CrtYd) (width 0.05))
    (fp_line (start -3.3 -5.18) (end -3.3 -3.75) (layer F.CrtYd) (width 0.05))
    (fp_line (start 0 -5.18) (end -3.3 -5.18) (layer F.CrtYd) (width 0.05))
    (fp_line (start -3.5 -2.5) (end -2.5 -3.5) (layer F.Fab) (width 0.1))
    (fp_line (start -3.5 3.5) (end -3.5 -2.5) (layer F.Fab) (width 0.1))
    (fp_line (start 3.5 3.5) (end -3.5 3.5) (layer F.Fab) (width 0.1))
    (fp_line (start 3.5 -3.5) (end 3.5 3.5) (layer F.Fab) (width 0.1))
    (fp_line (start -2.5 -3.5) (end 3.5 -3.5) (layer F.Fab) (width 0.1))
    (fp_line (start -3.61 -3.31) (end -4.925 -3.31) (layer F.SilkS) (width 0.12))
    (fp_line (start -3.61 -3.61) (end -3.61 -3.31) (layer F.SilkS) (width 0.12))
    (fp_line (start -3.31 -3.61) (end -3.61 -3.61) (layer F.SilkS) (width 0.12))
    (fp_line (start 3.61 -3.61) (end 3.61 -3.31) (layer F.SilkS) (width 0.12))
    (fp_line (start 3.31 -3.61) (end 3.61 -3.61) (layer F.SilkS) (width 0.12))
    (fp_line (start -3.61 3.61) (end -3.61 3.31) (layer F.SilkS) (width 0.12))
    (fp_line (start -3.31 3.61) (end -3.61 3.61) (layer F.SilkS) (width 0.12))
    (fp_line (start 3.61 3.61) (end 3.61 3.31) (layer F.SilkS) (width 0.12))
    (fp_line (start 3.31 3.61) (end 3.61 3.61) (layer F.SilkS) (width 0.12))
    (pad 32 smd roundrect (at -2.8 -4.175) (size 0.5 1.5) (layers F.Cu F.Paste F.Mask) (roundrect_rratio 0.25)
      (net 30 GND))
    (pad 31 smd roundrect (at -2 -4.175) (size 0.5 1.5) (layers F.Cu F.Paste F.Mask) (roundrect_rratio 0.25)
      (net 3 BOOT0))
    (pad 30 smd roundrect (at -1.2 -4.175) (size 0.5 1.5) (layers F.Cu F.Paste F.Mask) (roundrect_rratio 0.25)
      (net 4 PB7))
    (pad 29 smd roundrect (at -0.4 -4.175) (size 0.5 1.5) (layers F.Cu F.Paste F.Mask) (roundrect_rratio 0.25)
      (net 5 PB6))
    (pad 28 smd roundrect (at 0.4 -4.175) (size 0.5 1.5) (layers F.Cu F.Paste F.Mask) (roundrect_rratio 0.25)
      (net 6 PB5))
    (pad 27 smd roundrect (at 1.2 -4.175) (size 0.5 1.5) (layers F.Cu F.Paste F.Mask) (roundrect_rratio 0.25)
      (net 7 PB4))
    (pad 26 smd roundrect (at 2 -4.175) (size 0.5 1.5) (layers F.Cu F.Paste F.Mask) (roundrect_rratio 0.25)
      (net 8 PB3))
    (pad 25 smd roundrect (at 2.8 -4.175) (size 0.5 1.5) (layers F.Cu F.Paste F.Mask) (roundrect_rratio 0.25)
      (net 9 PA15))
    (pad 24 smd roundrect (at 4.175 -2.8) (size 1.5 0.5) (layers F.Cu F.Paste F.Mask) (roundrect_rratio 0.25)
      (net 10 SWCLK))
    (pad 23 smd roundrect (at 4.175 -2) (size 1.5 0.5) (layers F.Cu F.Paste F.Mask) (roundrect_rratio 0.25)
      (net 11 SWDIO))
    (pad 22 smd roundrect (at 4.175 -1.2) (size 1.5 0.5) (layers F.Cu F.Paste F.Mask) (roundrect_rratio 0.25)
      (net 12 PA12))
    (pad 21 smd roundrect (at 4.175 -0.4) (size 1.5 0.5) (layers F.Cu F.Paste F.Mask) (roundrect_rratio 0.25)
      (net 13 PA11))
    (pad 20 smd roundrect (at 4.175 0.4) (size 1.5 0.5) (layers F.Cu F.Paste F.Mask) (roundrect_rratio 0.25)
      (net 14 I2C_SDA))
    (pad 19 smd roundrect (at 4.175 1.2) (size 1.5 0.5) (layers F.Cu F.Paste F.Mask) (roundrect_rratio 0.25)
      (net 15 I2C_SCL))
    (pad 18 smd roundrect (at 4.175 2) (size 1.5 0.5) (layers F.Cu F.Paste F.Mask) (roundrect_rratio 0.25)
      (net 16 PA8))
    (pad 17 smd roundrect (at 4.175 2.8) (size 1.5 0.5) (layers F.Cu F.Paste F.Mask) (roundrect_rratio 0.25)
      (net 17 +3V3))
    (pad 16 smd roundrect (at 2.8 4.175) (size 0.5 1.5) (layers F.Cu F.Paste F.Mask) (roundrect_rratio 0.25)
      (net 30 GND))
    (pad 15 smd roundrect (at 2 4.175) (size 0.5 1.5) (layers F.Cu F.Paste F.Mask) (roundrect_rratio 0.25)
      (net 18 PB1))
    (pad 14 smd roundrect (at 1.2 4.175) (size 0.5 1.5) (layers F.Cu F.Paste F.Mask) (roundrect_rratio 0.25)
      (net 19 PB0))
    (pad 13 smd roundrect (at 0.4 4.175) (size 0.5 1.5) (layers F.Cu F.Paste F.Mask) (roundrect_rratio 0.25)
      (net 20 SPI_MOSI))
    (pad 12 smd roundrect (at -0.4 4.175) (size 0.5 1.5) (layers F.Cu F.Paste F.Mask) (roundrect_rratio 0.25)
      (net 21 SPI_MISO))
    (pad 11 smd roundrect (at -1.2 4.175) (size 0.5 1.5) (layers F.Cu F.Paste F.Mask) (roundrect_rratio 0.25)
      (net 22 SPI_SCK))
    (pad 10 smd roundrect (at -2 4.175) (size 0.5 1.5) (layers F.Cu F.Paste F.Mask) (roundrect_rratio 0.25)
      (net 23 PA4))
    (pad 9 smd roundrect (at -2.8 4.175) (size 0.5 1.5) (layers F.Cu F.Paste F.Mask) (roundrect_rratio 0.25)
      (net 24 UART_RX))
    (pad 8 smd roundrect (at -4.175 2.8) (size 1.5 0.5) (layers F.Cu F.Paste F.Mask) (roundrect_rratio 0.25)
      (net 25 UART_TX))
    (pad 7 smd roundrect (at -4.175 2) (size 1.5 0.5) (layers F.Cu F.Paste F.Mask) (roundrect_rratio 0.25)
      (net 26 PA1))
    (pad 6 smd roundrect (at -4.175 1.2) (size 1.5 0.5) (layers F.Cu F.Paste F.Mask) (roundrect_rratio 0.25)
      (net 27 PA0))
    (pad 5 smd roundrect (at -4.175 0.4) (size 1.5 0.5) (layers F.Cu F.Paste F.Mask) (roundrect_rratio 0.25)
      (net 17 +3V3))
    (pad 4 smd roundrect (at -4.175 -0.4) (size 1.5 0.5) (layers F.Cu F.Paste F.Mask) (roundrect_rratio 0.25)
      (net 28 NRST))
    (pad 3 smd roundrect (at -4.175 -1.2) (size 1.5 0.5) (layers F.Cu F.Paste F.Mask) (roundrect_rratio 0.25)
      (net 2 "Net-(C2-Pad2)"))
    (pad 2 smd roundrect (at -4.175 -2) (size 1.5 0.5) (layers F.Cu F.Paste F.Mask) (roundrect_rratio 0.25)
      (net 1 "Net-(C1-Pad1)"))
    (pad 1 smd roundrect (at -4.175 -2.8) (size 1.5 0.5) (layers F.Cu F.Paste F.Mask) (roundrect_rratio 0.25)
      (net 17 +3V3))
    (model ${KISYS3DMOD}/Package_QFP.3dshapes/LQFP-32_7x7mm_P0.8mm.wrl
      (at (xyz 0 0 0))
      (scale (xyz 1 1 1))
      (rotate (xyz 0 0 0))
    )
  )

  (module Capacitor_SMD:C_1206_3216Metric (layer F.Cu) (tedit 5B301BBE) (tstamp 5EF952A3)
    (at 130.28 84.904 180)
    (descr "Capacitor SMD 1206 (3216 Metric), square (rectangular) end terminal, IPC_7351 nominal, (Body size source: http://www.tortai-tech.com/upload/download/2011102023233369053.pdf), generated with kicad-footprint-generator")
    (tags capacitor)
    (path /5EFA13FF)
    (attr smd)
    (fp_text reference C1 (at 3.26644 -0.03556) (layer F.SilkS)
      (effects (font (size 1 1) (thickness 0.15)))
    )
    (fp_text value 22pF (at 0 1.82) (layer F.Fab)
      (effects (font (size 1 1) (thickness 0.15)))
    )
    (fp_text user %R (at 0 0) (layer F.Fab)
      (effects (font (size 0.8 0.8) (thickness 0.12)))
    )
    (fp_line (start 2.28 1.12) (end -2.28 1.12) (layer F.CrtYd) (width 0.05))
    (fp_line (start 2.28 -1.12) (end 2.28 1.12) (layer F.CrtYd) (width 0.05))
    (fp_line (start -2.28 -1.12) (end 2.28 -1.12) (layer F.CrtYd) (width 0.05))
    (fp_line (start -2.28 1.12) (end -2.28 -1.12) (layer F.CrtYd) (width 0.05))
    (fp_line (start -0.602064 0.91) (end 0.602064 0.91) (layer F.SilkS) (width 0.12))
    (fp_line (start -0.602064 -0.91) (end 0.602064 -0.91) (layer F.SilkS) (width 0.12))
    (fp_line (start 1.6 0.8) (end -1.6 0.8) (layer F.Fab) (width 0.1))
    (fp_line (start 1.6 -0.8) (end 1.6 0.8) (layer F.Fab) (width 0.1))
    (fp_line (start -1.6 -0.8) (end 1.6 -0.8) (layer F.Fab) (width 0.1))
    (fp_line (start -1.6 0.8) (end -1.6 -0.8) (layer F.Fab) (width 0.1))
    (pad 2 smd roundrect (at 1.4 0 180) (size 1.25 1.75) (layers F.Cu F.Paste F.Mask) (roundrect_rratio 0.2)
      (net 30 GND))
    (pad 1 smd roundrect (at -1.4 0 180) (size 1.25 1.75) (layers F.Cu F.Paste F.Mask) (roundrect_rratio 0.2)
      (net 1 "Net-(C1-Pad1)"))
    (model ${KISYS3DMOD}/Capacitor_SMD.3dshapes/C_1206_3216Metric.wrl
      (at (xyz 0 0 0))
      (scale (xyz 1 1 1))
      (rotate (xyz 0 0 0))
    )
  )

  (module Capacitor_SMD:C_1206_3216Metric (layer F.Cu) (tedit 5B301BBE) (tstamp 5EFB7D69)
    (at 139.192 95.504)
    (descr "Capacitor SMD 1206 (3216 Metric), square (rectangular) end terminal, IPC_7351 nominal, (Body size source: http://www.tortai-tech.com/upload/download/2011102023233369053.pdf), generated with kicad-footprint-generator")
    (tags capacitor)
    (path /5EFF599A)
    (attr smd)
    (fp_text reference C3 (at 3.556 0) (layer F.SilkS)
      (effects (font (size 1 1) (thickness 0.15)))
    )
    (fp_text value 10uF (at 0 1.82) (layer F.Fab)
      (effects (font (size 1 1) (thickness 0.15)))
    )
    (fp_line (start -1.6 0.8) (end -1.6 -0.8) (layer F.Fab) (width 0.1))
    (fp_line (start -1.6 -0.8) (end 1.6 -0.8) (layer F.Fab) (width 0.1))
    (fp_line (start 1.6 -0.8) (end 1.6 0.8) (layer F.Fab) (width 0.1))
    (fp_line (start 1.6 0.8) (end -1.6 0.8) (layer F.Fab) (width 0.1))
    (fp_line (start -0.602064 -0.91) (end 0.602064 -0.91) (layer F.SilkS) (width 0.12))
    (fp_line (start -0.602064 0.91) (end 0.602064 0.91) (layer F.SilkS) (width 0.12))
    (fp_line (start -2.28 1.12) (end -2.28 -1.12) (layer F.CrtYd) (width 0.05))
    (fp_line (start -2.28 -1.12) (end 2.28 -1.12) (layer F.CrtYd) (width 0.05))
    (fp_line (start 2.28 -1.12) (end 2.28 1.12) (layer F.CrtYd) (width 0.05))
    (fp_line (start 2.28 1.12) (end -2.28 1.12) (layer F.CrtYd) (width 0.05))
    (fp_text user %R (at 0 0) (layer F.Fab)
      (effects (font (size 0.8 0.8) (thickness 0.12)))
    )
    (pad 1 smd roundrect (at -1.4 0) (size 1.25 1.75) (layers F.Cu F.Paste F.Mask) (roundrect_rratio 0.2)
      (net 29 +5V))
    (pad 2 smd roundrect (at 1.4 0) (size 1.25 1.75) (layers F.Cu F.Paste F.Mask) (roundrect_rratio 0.2)
      (net 30 GND))
    (model ${KISYS3DMOD}/Capacitor_SMD.3dshapes/C_1206_3216Metric.wrl
      (at (xyz 0 0 0))
      (scale (xyz 1 1 1))
      (rotate (xyz 0 0 0))
    )
  )

  (module Capacitor_SMD:C_1206_3216Metric (layer F.Cu) (tedit 5B301BBE) (tstamp 5EFB7D7A)
    (at 139.192 98.044)
    (descr "Capacitor SMD 1206 (3216 Metric), square (rectangular) end terminal, IPC_7351 nominal, (Body size source: http://www.tortai-tech.com/upload/download/2011102023233369053.pdf), generated with kicad-footprint-generator")
    (tags capacitor)
    (path /5EFF7FEF)
    (attr smd)
    (fp_text reference C4 (at 3.556 0) (layer F.SilkS)
      (effects (font (size 1 1) (thickness 0.15)))
    )
    (fp_text value 10uF (at 0 1.82) (layer F.Fab)
      (effects (font (size 1 1) (thickness 0.15)))
    )
    (fp_text user %R (at 0 0) (layer F.Fab)
      (effects (font (size 0.8 0.8) (thickness 0.12)))
    )
    (fp_line (start 2.28 1.12) (end -2.28 1.12) (layer F.CrtYd) (width 0.05))
    (fp_line (start 2.28 -1.12) (end 2.28 1.12) (layer F.CrtYd) (width 0.05))
    (fp_line (start -2.28 -1.12) (end 2.28 -1.12) (layer F.CrtYd) (width 0.05))
    (fp_line (start -2.28 1.12) (end -2.28 -1.12) (layer F.CrtYd) (width 0.05))
    (fp_line (start -0.602064 0.91) (end 0.602064 0.91) (layer F.SilkS) (width 0.12))
    (fp_line (start -0.602064 -0.91) (end 0.602064 -0.91) (layer F.SilkS) (width 0.12))
    (fp_line (start 1.6 0.8) (end -1.6 0.8) (layer F.Fab) (width 0.1))
    (fp_line (start 1.6 -0.8) (end 1.6 0.8) (layer F.Fab) (width 0.1))
    (fp_line (start -1.6 -0.8) (end 1.6 -0.8) (layer F.Fab) (width 0.1))
    (fp_line (start -1.6 0.8) (end -1.6 -0.8) (layer F.Fab) (width 0.1))
    (pad 2 smd roundrect (at 1.4 0) (size 1.25 1.75) (layers F.Cu F.Paste F.Mask) (roundrect_rratio 0.2)
      (net 30 GND))
    (pad 1 smd roundrect (at -1.4 0) (size 1.25 1.75) (layers F.Cu F.Paste F.Mask) (roundrect_rratio 0.2)
      (net 17 +3V3))
    (model ${KISYS3DMOD}/Capacitor_SMD.3dshapes/C_1206_3216Metric.wrl
      (at (xyz 0 0 0))
      (scale (xyz 1 1 1))
      (rotate (xyz 0 0 0))
    )
  )

  (module Capacitor_SMD:C_1206_3216Metric (layer F.Cu) (tedit 5B301BBE) (tstamp 5EFB7D8B)
    (at 139.192 100.584)
    (descr "Capacitor SMD 1206 (3216 Metric), square (rectangular) end terminal, IPC_7351 nominal, (Body size source: http://www.tortai-tech.com/upload/download/2011102023233369053.pdf), generated with kicad-footprint-generator")
    (tags capacitor)
    (path /5EFB71F7)
    (attr smd)
    (fp_text reference C5 (at 3.556 0) (layer F.SilkS)
      (effects (font (size 1 1) (thickness 0.15)))
    )
    (fp_text value 4.7uF (at 0 1.82) (layer F.Fab)
      (effects (font (size 1 1) (thickness 0.15)))
    )
    (fp_text user %R (at 0 0) (layer F.Fab)
      (effects (font (size 0.8 0.8) (thickness 0.12)))
    )
    (fp_line (start 2.28 1.12) (end -2.28 1.12) (layer F.CrtYd) (width 0.05))
    (fp_line (start 2.28 -1.12) (end 2.28 1.12) (layer F.CrtYd) (width 0.05))
    (fp_line (start -2.28 -1.12) (end 2.28 -1.12) (layer F.CrtYd) (width 0.05))
    (fp_line (start -2.28 1.12) (end -2.28 -1.12) (layer F.CrtYd) (width 0.05))
    (fp_line (start -0.602064 0.91) (end 0.602064 0.91) (layer F.SilkS) (width 0.12))
    (fp_line (start -0.602064 -0.91) (end 0.602064 -0.91) (layer F.SilkS) (width 0.12))
    (fp_line (start 1.6 0.8) (end -1.6 0.8) (layer F.Fab) (width 0.1))
    (fp_line (start 1.6 -0.8) (end 1.6 0.8) (layer F.Fab) (width 0.1))
    (fp_line (start -1.6 -0.8) (end 1.6 -0.8) (layer F.Fab) (width 0.1))
    (fp_line (start -1.6 0.8) (end -1.6 -0.8) (layer F.Fab) (width 0.1))
    (pad 2 smd roundrect (at 1.4 0) (size 1.25 1.75) (layers F.Cu F.Paste F.Mask) (roundrect_rratio 0.2)
      (net 30 GND))
    (pad 1 smd roundrect (at -1.4 0) (size 1.25 1.75) (layers F.Cu F.Paste F.Mask) (roundrect_rratio 0.2)
      (net 17 +3V3))
    (model ${KISYS3DMOD}/Capacitor_SMD.3dshapes/C_1206_3216Metric.wrl
      (at (xyz 0 0 0))
      (scale (xyz 1 1 1))
      (rotate (xyz 0 0 0))
    )
  )

  (module Capacitor_SMD:C_1206_3216Metric (layer F.Cu) (tedit 5B301BBE) (tstamp 5EFB7D9C)
    (at 156.1592 93.16466 270)
    (descr "Capacitor SMD 1206 (3216 Metric), square (rectangular) end terminal, IPC_7351 nominal, (Body size source: http://www.tortai-tech.com/upload/download/2011102023233369053.pdf), generated with kicad-footprint-generator")
    (tags capacitor)
    (path /5EFB5E7A)
    (attr smd)
    (fp_text reference C6 (at 0 -1.82 90) (layer F.SilkS)
      (effects (font (size 1 1) (thickness 0.15)))
    )
    (fp_text value 100nF (at 0 1.82 90) (layer F.Fab)
      (effects (font (size 1 1) (thickness 0.15)))
    )
    (fp_line (start -1.6 0.8) (end -1.6 -0.8) (layer F.Fab) (width 0.1))
    (fp_line (start -1.6 -0.8) (end 1.6 -0.8) (layer F.Fab) (width 0.1))
    (fp_line (start 1.6 -0.8) (end 1.6 0.8) (layer F.Fab) (width 0.1))
    (fp_line (start 1.6 0.8) (end -1.6 0.8) (layer F.Fab) (width 0.1))
    (fp_line (start -0.602064 -0.91) (end 0.602064 -0.91) (layer F.SilkS) (width 0.12))
    (fp_line (start -0.602064 0.91) (end 0.602064 0.91) (layer F.SilkS) (width 0.12))
    (fp_line (start -2.28 1.12) (end -2.28 -1.12) (layer F.CrtYd) (width 0.05))
    (fp_line (start -2.28 -1.12) (end 2.28 -1.12) (layer F.CrtYd) (width 0.05))
    (fp_line (start 2.28 -1.12) (end 2.28 1.12) (layer F.CrtYd) (width 0.05))
    (fp_line (start 2.28 1.12) (end -2.28 1.12) (layer F.CrtYd) (width 0.05))
    (fp_text user %R (at 0 0 90) (layer F.Fab)
      (effects (font (size 0.8 0.8) (thickness 0.12)))
    )
    (pad 1 smd roundrect (at -1.4 0 270) (size 1.25 1.75) (layers F.Cu F.Paste F.Mask) (roundrect_rratio 0.2)
      (net 17 +3V3))
    (pad 2 smd roundrect (at 1.4 0 270) (size 1.25 1.75) (layers F.Cu F.Paste F.Mask) (roundrect_rratio 0.2)
      (net 30 GND))
    (model ${KISYS3DMOD}/Capacitor_SMD.3dshapes/C_1206_3216Metric.wrl
      (at (xyz 0 0 0))
      (scale (xyz 1 1 1))
      (rotate (xyz 0 0 0))
    )
  )

  (module Capacitor_SMD:C_1206_3216Metric (layer F.Cu) (tedit 5B301BBE) (tstamp 5EFB7DAD)
    (at 140.67 83.804 90)
    (descr "Capacitor SMD 1206 (3216 Metric), square (rectangular) end terminal, IPC_7351 nominal, (Body size source: http://www.tortai-tech.com/upload/download/2011102023233369053.pdf), generated with kicad-footprint-generator")
    (tags capacitor)
    (path /5EFCE271)
    (attr smd)
    (fp_text reference C7 (at 3.11 -0.08) (layer F.SilkS)
      (effects (font (size 1 1) (thickness 0.15)))
    )
    (fp_text value 100nF (at 0 1.82 90) (layer F.Fab)
      (effects (font (size 1 1) (thickness 0.15)))
    )
    (fp_line (start -1.6 0.8) (end -1.6 -0.8) (layer F.Fab) (width 0.1))
    (fp_line (start -1.6 -0.8) (end 1.6 -0.8) (layer F.Fab) (width 0.1))
    (fp_line (start 1.6 -0.8) (end 1.6 0.8) (layer F.Fab) (width 0.1))
    (fp_line (start 1.6 0.8) (end -1.6 0.8) (layer F.Fab) (width 0.1))
    (fp_line (start -0.602064 -0.91) (end 0.602064 -0.91) (layer F.SilkS) (width 0.12))
    (fp_line (start -0.602064 0.91) (end 0.602064 0.91) (layer F.SilkS) (width 0.12))
    (fp_line (start -2.28 1.12) (end -2.28 -1.12) (layer F.CrtYd) (width 0.05))
    (fp_line (start -2.28 -1.12) (end 2.28 -1.12) (layer F.CrtYd) (width 0.05))
    (fp_line (start 2.28 -1.12) (end 2.28 1.12) (layer F.CrtYd) (width 0.05))
    (fp_line (start 2.28 1.12) (end -2.28 1.12) (layer F.CrtYd) (width 0.05))
    (fp_text user %R (at 0 0 90) (layer F.Fab)
      (effects (font (size 0.8 0.8) (thickness 0.12)))
    )
    (pad 1 smd roundrect (at -1.4 0 90) (size 1.25 1.75) (layers F.Cu F.Paste F.Mask) (roundrect_rratio 0.2)
      (net 17 +3V3))
    (pad 2 smd roundrect (at 1.4 0 90) (size 1.25 1.75) (layers F.Cu F.Paste F.Mask) (roundrect_rratio 0.2)
      (net 30 GND))
    (model ${KISYS3DMOD}/Capacitor_SMD.3dshapes/C_1206_3216Metric.wrl
      (at (xyz 0 0 0))
      (scale (xyz 1 1 1))
      (rotate (xyz 0 0 0))
    )
  )

  (module Capacitor_SMD:C_1206_3216Metric (layer F.Cu) (tedit 5B301BBE) (tstamp 5EFB7DBE)
    (at 140.7287 90.92692 270)
    (descr "Capacitor SMD 1206 (3216 Metric), square (rectangular) end terminal, IPC_7351 nominal, (Body size source: http://www.tortai-tech.com/upload/download/2011102023233369053.pdf), generated with kicad-footprint-generator")
    (tags capacitor)
    (path /5EFCE933)
    (attr smd)
    (fp_text reference C8 (at -2.92608 0.09652) (layer F.SilkS)
      (effects (font (size 1 1) (thickness 0.15)))
    )
    (fp_text value 100nF (at 0 1.82 90) (layer F.Fab)
      (effects (font (size 1 1) (thickness 0.15)))
    )
    (fp_text user %R (at 0 0 90) (layer F.Fab)
      (effects (font (size 0.8 0.8) (thickness 0.12)))
    )
    (fp_line (start 2.28 1.12) (end -2.28 1.12) (layer F.CrtYd) (width 0.05))
    (fp_line (start 2.28 -1.12) (end 2.28 1.12) (layer F.CrtYd) (width 0.05))
    (fp_line (start -2.28 -1.12) (end 2.28 -1.12) (layer F.CrtYd) (width 0.05))
    (fp_line (start -2.28 1.12) (end -2.28 -1.12) (layer F.CrtYd) (width 0.05))
    (fp_line (start -0.602064 0.91) (end 0.602064 0.91) (layer F.SilkS) (width 0.12))
    (fp_line (start -0.602064 -0.91) (end 0.602064 -0.91) (layer F.SilkS) (width 0.12))
    (fp_line (start 1.6 0.8) (end -1.6 0.8) (layer F.Fab) (width 0.1))
    (fp_line (start 1.6 -0.8) (end 1.6 0.8) (layer F.Fab) (width 0.1))
    (fp_line (start -1.6 -0.8) (end 1.6 -0.8) (layer F.Fab) (width 0.1))
    (fp_line (start -1.6 0.8) (end -1.6 -0.8) (layer F.Fab) (width 0.1))
    (pad 2 smd roundrect (at 1.4 0 270) (size 1.25 1.75) (layers F.Cu F.Paste F.Mask) (roundrect_rratio 0.2)
      (net 30 GND))
    (pad 1 smd roundrect (at -1.4 0 270) (size 1.25 1.75) (layers F.Cu F.Paste F.Mask) (roundrect_rratio 0.2)
      (net 17 +3V3))
    (model ${KISYS3DMOD}/Capacitor_SMD.3dshapes/C_1206_3216Metric.wrl
      (at (xyz 0 0 0))
      (scale (xyz 1 1 1))
      (rotate (xyz 0 0 0))
    )
  )

  (module Capacitor_SMD:C_1206_3216Metric (layer F.Cu) (tedit 5B301BBE) (tstamp 5EFB7DCF)
    (at 149.68 97.104)
    (descr "Capacitor SMD 1206 (3216 Metric), square (rectangular) end terminal, IPC_7351 nominal, (Body size source: http://www.tortai-tech.com/upload/download/2011102023233369053.pdf), generated with kicad-footprint-generator")
    (tags capacitor)
    (path /5F016055)
    (attr smd)
    (fp_text reference C9 (at 0 2) (layer F.SilkS)
      (effects (font (size 1 1) (thickness 0.15)))
    )
    (fp_text value 10uF (at 0 1.82) (layer F.Fab)
      (effects (font (size 1 1) (thickness 0.15)))
    )
    (fp_line (start -1.6 0.8) (end -1.6 -0.8) (layer F.Fab) (width 0.1))
    (fp_line (start -1.6 -0.8) (end 1.6 -0.8) (layer F.Fab) (width 0.1))
    (fp_line (start 1.6 -0.8) (end 1.6 0.8) (layer F.Fab) (width 0.1))
    (fp_line (start 1.6 0.8) (end -1.6 0.8) (layer F.Fab) (width 0.1))
    (fp_line (start -0.602064 -0.91) (end 0.602064 -0.91) (layer F.SilkS) (width 0.12))
    (fp_line (start -0.602064 0.91) (end 0.602064 0.91) (layer F.SilkS) (width 0.12))
    (fp_line (start -2.28 1.12) (end -2.28 -1.12) (layer F.CrtYd) (width 0.05))
    (fp_line (start -2.28 -1.12) (end 2.28 -1.12) (layer F.CrtYd) (width 0.05))
    (fp_line (start 2.28 -1.12) (end 2.28 1.12) (layer F.CrtYd) (width 0.05))
    (fp_line (start 2.28 1.12) (end -2.28 1.12) (layer F.CrtYd) (width 0.05))
    (fp_text user %R (at 0 0) (layer F.Fab)
      (effects (font (size 0.8 0.8) (thickness 0.12)))
    )
    (pad 1 smd roundrect (at -1.4 0) (size 1.25 1.75) (layers F.Cu F.Paste F.Mask) (roundrect_rratio 0.2)
      (net 28 NRST))
    (pad 2 smd roundrect (at 1.4 0) (size 1.25 1.75) (layers F.Cu F.Paste F.Mask) (roundrect_rratio 0.2)
      (net 30 GND))
    (model ${KISYS3DMOD}/Capacitor_SMD.3dshapes/C_1206_3216Metric.wrl
      (at (xyz 0 0 0))
      (scale (xyz 1 1 1))
      (rotate (xyz 0 0 0))
    )
  )

  (module Connector_PinHeader_2.54mm:PinHeader_1x04_P2.54mm_Vertical (layer F.Cu) (tedit 59FED5CC) (tstamp 5EFB7DE7)
    (at 145.288 107.696 90)
    (descr "Through hole straight pin header, 1x04, 2.54mm pitch, single row")
    (tags "Through hole pin header THT 1x04 2.54mm single row")
    (path /5EFB7C62)
    (fp_text reference J1 (at 0 -2.33 90) (layer F.SilkS)
      (effects (font (size 1 1) (thickness 0.15)))
    )
    (fp_text value Conn_01x04 (at 0 9.95 90) (layer F.Fab)
      (effects (font (size 1 1) (thickness 0.15)))
    )
    (fp_line (start -0.635 -1.27) (end 1.27 -1.27) (layer F.Fab) (width 0.1))
    (fp_line (start 1.27 -1.27) (end 1.27 8.89) (layer F.Fab) (width 0.1))
    (fp_line (start 1.27 8.89) (end -1.27 8.89) (layer F.Fab) (width 0.1))
    (fp_line (start -1.27 8.89) (end -1.27 -0.635) (layer F.Fab) (width 0.1))
    (fp_line (start -1.27 -0.635) (end -0.635 -1.27) (layer F.Fab) (width 0.1))
    (fp_line (start -1.33 8.95) (end 1.33 8.95) (layer F.SilkS) (width 0.12))
    (fp_line (start -1.33 1.27) (end -1.33 8.95) (layer F.SilkS) (width 0.12))
    (fp_line (start 1.33 1.27) (end 1.33 8.95) (layer F.SilkS) (width 0.12))
    (fp_line (start -1.33 1.27) (end 1.33 1.27) (layer F.SilkS) (width 0.12))
    (fp_line (start -1.33 0) (end -1.33 -1.33) (layer F.SilkS) (width 0.12))
    (fp_line (start -1.33 -1.33) (end 0 -1.33) (layer F.SilkS) (width 0.12))
    (fp_line (start -1.8 -1.8) (end -1.8 9.4) (layer F.CrtYd) (width 0.05))
    (fp_line (start -1.8 9.4) (end 1.8 9.4) (layer F.CrtYd) (width 0.05))
    (fp_line (start 1.8 9.4) (end 1.8 -1.8) (layer F.CrtYd) (width 0.05))
    (fp_line (start 1.8 -1.8) (end -1.8 -1.8) (layer F.CrtYd) (width 0.05))
    (fp_text user %R (at 0 3.81) (layer F.Fab)
      (effects (font (size 1 1) (thickness 0.15)))
    )
    (pad 1 thru_hole rect (at 0 0 90) (size 1.7 1.7) (drill 1) (layers *.Cu *.Mask)
      (net 29 +5V))
    (pad 2 thru_hole oval (at 0 2.54 90) (size 1.7 1.7) (drill 1) (layers *.Cu *.Mask)
      (net 11 SWDIO))
    (pad 3 thru_hole oval (at 0 5.08 90) (size 1.7 1.7) (drill 1) (layers *.Cu *.Mask)
      (net 10 SWCLK))
    (pad 4 thru_hole oval (at 0 7.62 90) (size 1.7 1.7) (drill 1) (layers *.Cu *.Mask)
      (net 30 GND))
    (model ${KISYS3DMOD}/Connector_PinHeader_2.54mm.3dshapes/PinHeader_1x04_P2.54mm_Vertical.wrl
      (at (xyz 0 0 0))
      (scale (xyz 1 1 1))
      (rotate (xyz 0 0 0))
    )
  )

  (module Package_TO_SOT_SMD:SOT-223-3_TabPin2 (layer F.Cu) (tedit 5A02FF57) (tstamp 5EFB7E29)
    (at 131.064 98.044 180)
    (descr "module CMS SOT223 4 pins")
    (tags "CMS SOT")
    (path /5EFEC4AE)
    (attr smd)
    (fp_text reference U2 (at -0.116 -0.06) (layer F.SilkS)
      (effects (font (size 1 1) (thickness 0.15)))
    )
    (fp_text value AMS1117-3.3 (at 0 4.5) (layer F.Fab)
      (effects (font (size 1 1) (thickness 0.15)))
    )
    (fp_text user %R (at 0 0 90) (layer F.Fab)
      (effects (font (size 0.8 0.8) (thickness 0.12)))
    )
    (fp_line (start 1.91 3.41) (end 1.91 2.15) (layer F.SilkS) (width 0.12))
    (fp_line (start 1.91 -3.41) (end 1.91 -2.15) (layer F.SilkS) (width 0.12))
    (fp_line (start 4.4 -3.6) (end -4.4 -3.6) (layer F.CrtYd) (width 0.05))
    (fp_line (start 4.4 3.6) (end 4.4 -3.6) (layer F.CrtYd) (width 0.05))
    (fp_line (start -4.4 3.6) (end 4.4 3.6) (layer F.CrtYd) (width 0.05))
    (fp_line (start -4.4 -3.6) (end -4.4 3.6) (layer F.CrtYd) (width 0.05))
    (fp_line (start -1.85 -2.35) (end -0.85 -3.35) (layer F.Fab) (width 0.1))
    (fp_line (start -1.85 -2.35) (end -1.85 3.35) (layer F.Fab) (width 0.1))
    (fp_line (start -1.85 3.41) (end 1.91 3.41) (layer F.SilkS) (width 0.12))
    (fp_line (start -0.85 -3.35) (end 1.85 -3.35) (layer F.Fab) (width 0.1))
    (fp_line (start -4.1 -3.41) (end 1.91 -3.41) (layer F.SilkS) (width 0.12))
    (fp_line (start -1.85 3.35) (end 1.85 3.35) (layer F.Fab) (width 0.1))
    (fp_line (start 1.85 -3.35) (end 1.85 3.35) (layer F.Fab) (width 0.1))
    (pad 2 smd rect (at 3.15 0 180) (size 2 3.8) (layers F.Cu F.Paste F.Mask)
      (net 17 +3V3))
    (pad 2 smd rect (at -3.15 0 180) (size 2 1.5) (layers F.Cu F.Paste F.Mask)
      (net 17 +3V3))
    (pad 3 smd rect (at -3.15 2.3 180) (size 2 1.5) (layers F.Cu F.Paste F.Mask)
      (net 29 +5V))
    (pad 1 smd rect (at -3.15 -2.3 180) (size 2 1.5) (layers F.Cu F.Paste F.Mask)
      (net 30 GND))
    (model ${KISYS3DMOD}/Package_TO_SOT_SMD.3dshapes/SOT-223.wrl
      (at (xyz 0 0 0))
      (scale (xyz 1 1 1))
      (rotate (xyz 0 0 0))
    )
  )

  (module Connector_PinHeader_2.54mm:PinHeader_2x12_P2.54mm_Vertical (layer F.Cu) (tedit 59FED5CC) (tstamp 5EFC7C5A)
    (at 134.7597 75.37958 90)
    (descr "Through hole straight pin header, 2x12, 2.54mm pitch, double rows")
    (tags "Through hole pin header THT 2x12 2.54mm double row")
    (path /5F00412D)
    (fp_text reference J2 (at 4.27558 -2.6797) (layer F.SilkS)
      (effects (font (size 1 1) (thickness 0.15)))
    )
    (fp_text value Conn_2Rows-23Pins (at 1.27 30.27 90) (layer F.Fab)
      (effects (font (size 1 1) (thickness 0.15)))
    )
    (fp_line (start 0 -1.27) (end 3.81 -1.27) (layer F.Fab) (width 0.1))
    (fp_line (start 3.81 -1.27) (end 3.81 29.21) (layer F.Fab) (width 0.1))
    (fp_line (start 3.81 29.21) (end -1.27 29.21) (layer F.Fab) (width 0.1))
    (fp_line (start -1.27 29.21) (end -1.27 0) (layer F.Fab) (width 0.1))
    (fp_line (start -1.27 0) (end 0 -1.27) (layer F.Fab) (width 0.1))
    (fp_line (start -1.33 29.27) (end 3.87 29.27) (layer F.SilkS) (width 0.12))
    (fp_line (start -1.33 1.27) (end -1.33 29.27) (layer F.SilkS) (width 0.12))
    (fp_line (start 3.87 -1.33) (end 3.87 29.27) (layer F.SilkS) (width 0.12))
    (fp_line (start -1.33 1.27) (end 1.27 1.27) (layer F.SilkS) (width 0.12))
    (fp_line (start 1.27 1.27) (end 1.27 -1.33) (layer F.SilkS) (width 0.12))
    (fp_line (start 1.27 -1.33) (end 3.87 -1.33) (layer F.SilkS) (width 0.12))
    (fp_line (start -1.33 0) (end -1.33 -1.33) (layer F.SilkS) (width 0.12))
    (fp_line (start -1.33 -1.33) (end 0 -1.33) (layer F.SilkS) (width 0.12))
    (fp_line (start -1.8 -1.8) (end -1.8 29.75) (layer F.CrtYd) (width 0.05))
    (fp_line (start -1.8 29.75) (end 4.35 29.75) (layer F.CrtYd) (width 0.05))
    (fp_line (start 4.35 29.75) (end 4.35 -1.8) (layer F.CrtYd) (width 0.05))
    (fp_line (start 4.35 -1.8) (end -1.8 -1.8) (layer F.CrtYd) (width 0.05))
    (fp_text user %R (at 1.27 13.97) (layer F.Fab)
      (effects (font (size 1 1) (thickness 0.15)))
    )
    (pad 1 thru_hole rect (at 0 0 90) (size 1.7 1.7) (drill 1) (layers *.Cu *.Mask)
      (net 19 PB0))
    (pad 2 thru_hole oval (at 2.54 0 90) (size 1.7 1.7) (drill 1) (layers *.Cu *.Mask)
      (net 27 PA0))
    (pad 3 thru_hole oval (at 0 2.54 90) (size 1.7 1.7) (drill 1) (layers *.Cu *.Mask)
      (net 18 PB1))
    (pad 4 thru_hole oval (at 2.54 2.54 90) (size 1.7 1.7) (drill 1) (layers *.Cu *.Mask)
      (net 26 PA1))
    (pad 5 thru_hole oval (at 0 5.08 90) (size 1.7 1.7) (drill 1) (layers *.Cu *.Mask)
      (net 8 PB3))
    (pad 6 thru_hole oval (at 2.54 5.08 90) (size 1.7 1.7) (drill 1) (layers *.Cu *.Mask)
      (net 23 PA4))
    (pad 7 thru_hole oval (at 0 7.62 90) (size 1.7 1.7) (drill 1) (layers *.Cu *.Mask)
      (net 7 PB4))
    (pad 8 thru_hole oval (at 2.54 7.62 90) (size 1.7 1.7) (drill 1) (layers *.Cu *.Mask)
      (net 16 PA8))
    (pad 9 thru_hole oval (at 0 10.16 90) (size 1.7 1.7) (drill 1) (layers *.Cu *.Mask)
      (net 6 PB5))
    (pad 10 thru_hole oval (at 2.54 10.16 90) (size 1.7 1.7) (drill 1) (layers *.Cu *.Mask)
      (net 13 PA11))
    (pad 11 thru_hole oval (at 0 12.7 90) (size 1.7 1.7) (drill 1) (layers *.Cu *.Mask)
      (net 5 PB6))
    (pad 12 thru_hole oval (at 2.54 12.7 90) (size 1.7 1.7) (drill 1) (layers *.Cu *.Mask)
      (net 12 PA12))
    (pad 13 thru_hole oval (at 0 15.24 90) (size 1.7 1.7) (drill 1) (layers *.Cu *.Mask)
      (net 4 PB7))
    (pad 14 thru_hole oval (at 2.54 15.24 90) (size 1.7 1.7) (drill 1) (layers *.Cu *.Mask)
      (net 9 PA15))
    (pad 15 thru_hole oval (at 0 17.78 90) (size 1.7 1.7) (drill 1) (layers *.Cu *.Mask)
      (net 22 SPI_SCK))
    (pad 16 thru_hole oval (at 2.54 17.78 90) (size 1.7 1.7) (drill 1) (layers *.Cu *.Mask)
      (net 17 +3V3))
